 77
 82
 16
 96
 70
 55
 23
 98
 31
 39
 21
 33
 91
 90
 34
 54
 95
 67
 15
 68
 10
 53
 29
 44
 59
 73
 71
 61
 69
 50
 32
 85
 37
 99
 57
 75
 80
 88
 41
 27
 40
 46
 97
 79
 13
 45
 62
 92
 66
 83
 89
 58
 78
 47
 52
 28
 20
 24
 51
 36
 63
 30
 48
 26
 60
 87
 49
 86
 25
 42
 93
 18
 43
 14
 72
 35
 81
 76
 22
 64
 17
 84
 74
 94
 38
 12
 65
 19
 56
 11
 22
 73
 74
 51
 69
 45
 18
 89
 11
 26
 64
 20
 59
 47
 65
 35
 39
 34
 14
 75
 32
 85
 48
 83
 12
 70
 46
 49
 62
 28
 33
 81
 95
 56
 42
 71
 86
 58
 61
 27
 44
 63
 50
 30
 93
 19
 94
 10
 79
 92
 55
 54
 96
 97
 43
 16
 80
 38
 68
 37
 41
 87
 78
 76
 84
 77
 82
 23
 91
 88
 60
 99
 29
 24
 98
 72
 15
 40
 25
 36
 57
 52
 31
 13
 90
 66
 53
 67
 21
 17
 69
 80
 33
 56
 22
 57
 20
 44
 81
 54
 36
 64
 84
 43
 99
 28
 96
 32
 92
 14
 41
 15
 45
 25
 21
 60
 93
 48
 76
 88
 50
 59
 10
 23
 46
 12
 58
 18
 97
 75
 53
 19
 85
 52
 30
 34
 94
 31
 89
 16
 13
 35
 62
 73
 87
 79
 90
 83
 39
 61
 65
 27
 86
 42
 38
 98
 24
 66
 72
 91
 70
 40
 63
 68
 49
 78
 29
 82
 95
 47
 71
 26
 77
 74
 17
 51
 55
 11
 67
 37
 99
 32
 40
 22
 34
 92
 91
 35
 55
 96
 68
 16
 69
 11
 54
 30
 45
 77
 60
 74
 78
 72
 62
 70
 51
 33
 86
 38
 58
 76
 81
 89
 42
 28
 17
 41
 47
 98
 80
 14
 46
 56
 63
 93
 67
 84
 90
 97
 83
 59
 79
 48
 53
 29
 21
 25
 52
 37
 64
 31
 49
 27
 61
 88
 50
 87
 26
 43
 94
 19
 44
 15
 73
 36
 82
 71
 23
 65
 18
 85
 75
 24
 95
 39
 13
 66
 20
 57
 10
 12
 99
 32
 40
 22
 34
 92
 91
 35
 55
 96
 68
 16
 69
 11
 54
 30
 45
 60
 74
 78
 72
 62
 70
 51
 33
 86
 38
 58
 76
 81
 89
 42
 28
 17
 41
 47
 98
 80
 14
 46
 56
 63
 93
 67
 84
 90
 97
 83
 59
 79
 48
 53
 29
 21
 25
 52
 37
 64
 31
 49
 27
 61
 88
 50
 87
 26
 43
 94
 19
 44
 15
 73
 36
 82
 71
 23
 65
 18
 85
 75
 24
 95
 39
 13
 66
 20
 57
 10
 12
 77